Bleu_1: 0.732733
Bleu_2: 0.573169
Bleu_3: 0.434614
Bleu_4: 0.323126
METEOR: 0.258156
ROUGE_L: 0.551254
CIDEr: 0.998518
SPICE: 0.188723
