Bleu_1: 0.737212
Bleu_2: 0.582164
Bleu_3: 0.446083
Bleu_4: 0.343646
METEOR: 0.259012
ROUGE_L: 0.563543
CIDEr: 0.959428
SPICE: 0.191471
