Bleu_1: 0.745881
Bleu_2: 0.590364
Bleu_3: 0.453907
Bleu_4: 0.349606
METEOR: 0.264290
ROUGE_L: 0.567881
CIDEr: 0.981971
SPICE: 0.204918
