Bleu_1: 0.746225
Bleu_2: 0.590832
Bleu_3: 0.452740
Bleu_4: 0.347458
METEOR: 0.264827
ROUGE_L: 0.567091
CIDEr: 0.963841
SPICE: 0.197838
