Bleu_1: 0.710167
Bleu_2: 0.533312
Bleu_3: 0.384240
Bleu_4: 0.271776
METEOR: 0.251625
ROUGE_L: 0.520293
CIDEr: 0.794128
SPICE: 0.190416
