Bleu_1: 0.704029
Bleu_2: 0.526083
Bleu_3: 0.375177
Bleu_4: 0.263988
METEOR: 0.252079
ROUGE_L: 0.524714
CIDEr: 0.825427
SPICE: 0.189306
