Bleu_1: 0.731621
Bleu_2: 0.559244
Bleu_3: 0.411878
Bleu_4: 0.300872
METEOR: 0.242441
ROUGE_L: 0.538681
CIDEr: 0.843200
SPICE: 0.176861
