Bleu_1: 0.728776
Bleu_2: 0.560680
Bleu_3: 0.415970
Bleu_4: 0.305859
METEOR: 0.246737
ROUGE_L: 0.545560
CIDEr: 0.894872
SPICE: 0.178159
