Bleu_1: 0.732444
Bleu_2: 0.569112
Bleu_3: 0.425492
Bleu_4: 0.319524
METEOR: 0.250616
ROUGE_L: 0.540399
CIDEr: 0.930432
SPICE: 0.191106
