Bleu_1: 0.738742
Bleu_2: 0.569812
Bleu_3: 0.421061
Bleu_4: 0.310718
METEOR: 0.253380
ROUGE_L: 0.540940
CIDEr: 0.921753
SPICE: 0.193329
