Bleu_1: 0.737022
Bleu_2: 0.569019
Bleu_3: 0.426298
Bleu_4: 0.319874
METEOR: 0.248965
ROUGE_L: 0.538104
CIDEr: 0.883525
SPICE: 0.190083
