Bleu_1: 0.721912
Bleu_2: 0.554260
Bleu_3: 0.415806
Bleu_4: 0.307895
METEOR: 0.250984
ROUGE_L: 0.538253
CIDEr: 0.935288
SPICE: 0.181248
