Bleu_1: 0.737107
Bleu_2: 0.582052
Bleu_3: 0.441852
Bleu_4: 0.333327
METEOR: 0.262595
ROUGE_L: 0.560338
CIDEr: 0.941583
SPICE: 0.198192
