Bleu_1: 0.742686
Bleu_2: 0.587585
Bleu_3: 0.450888
Bleu_4: 0.346039
METEOR: 0.265198
ROUGE_L: 0.562949
CIDEr: 0.973396
SPICE: 0.204532
