Bleu_1: 0.739171
Bleu_2: 0.583293
Bleu_3: 0.444231
Bleu_4: 0.337698
METEOR: 0.263176
ROUGE_L: 0.560984
CIDEr: 0.954605
SPICE: 0.197431
