Bleu_1: 0.745745
Bleu_2: 0.589456
Bleu_3: 0.449977
Bleu_4: 0.342882
METEOR: 0.266014
ROUGE_L: 0.563691
CIDEr: 0.964147
SPICE: 0.208318
