Bleu_1: 0.725223
Bleu_2: 0.557284
Bleu_3: 0.417923
Bleu_4: 0.309984
METEOR: 0.252563
ROUGE_L: 0.539357
CIDEr: 0.949695
SPICE: 0.182441
