Bleu_1: 0.721331
Bleu_2: 0.559143
Bleu_3: 0.419168
Bleu_4: 0.307867
METEOR: 0.251465
ROUGE_L: 0.544442
CIDEr: 0.972758
SPICE: 0.182741
