Bleu_1: 0.720926
Bleu_2: 0.560219
Bleu_3: 0.424179
Bleu_4: 0.316854
METEOR: 0.251861
ROUGE_L: 0.543739
CIDEr: 0.967453
SPICE: 0.179816
