Bleu_1: 0.701877
Bleu_2: 0.529993
Bleu_3: 0.382252
Bleu_4: 0.268966
METEOR: 0.256685
ROUGE_L: 0.529751
CIDEr: 0.893151
SPICE: 0.189212
