Bleu_1: 0.707022
Bleu_2: 0.537578
Bleu_3: 0.393004
Bleu_4: 0.280439
METEOR: 0.259085
ROUGE_L: 0.533444
CIDEr: 0.913835
SPICE: 0.190609
