Bleu_1: 0.721513
Bleu_2: 0.542433
Bleu_3: 0.391798
Bleu_4: 0.279741
METEOR: 0.255102
ROUGE_L: 0.528183
CIDEr: 0.818274
SPICE: 0.196419
