Bleu_1: 0.727363
Bleu_2: 0.562132
Bleu_3: 0.418521
Bleu_4: 0.314248
METEOR: 0.246143
ROUGE_L: 0.544981
CIDEr: 0.892051
SPICE: 0.180327
