Bleu_1: 0.705929
Bleu_2: 0.531279
Bleu_3: 0.380163
Bleu_4: 0.269326
METEOR: 0.253471
ROUGE_L: 0.527223
CIDEr: 0.820616
SPICE: 0.189940
