Bleu_1: 0.734339
Bleu_2: 0.575549
Bleu_3: 0.435093
Bleu_4: 0.329925
METEOR: 0.251461
ROUGE_L: 0.557384
CIDEr: 0.920054
SPICE: 0.186126
