Bleu_1: 0.738996
Bleu_2: 0.586685
Bleu_3: 0.452510
Bleu_4: 0.349496
METEOR: 0.258825
ROUGE_L: 0.566903
CIDEr: 0.949638
SPICE: 0.198402
