Bleu_1: 0.779303
Bleu_2: 0.626980
Bleu_3: 0.485711
Bleu_4: 0.366049
METEOR: 0.277686
ROUGE_L: 0.579652
CIDEr: 1.169174
SPICE: 0.212146
