Bleu_1: 0.778110
Bleu_2: 0.627456
Bleu_3: 0.483336
Bleu_4: 0.361571
METEOR: 0.277252
ROUGE_L: 0.577469
CIDEr: 1.172200
SPICE: 0.214799
