Bleu_1: 0.707219
Bleu_2: 0.540996
Bleu_3: 0.394794
Bleu_4: 0.286271
METEOR: 0.260166
ROUGE_L: 0.539667
CIDEr: 0.852959
SPICE: 0.203697
