Bleu_1: 0.707314
Bleu_2: 0.541563
Bleu_3: 0.397089
Bleu_4: 0.288982
METEOR: 0.256951
ROUGE_L: 0.536684
CIDEr: 0.865133
SPICE: 0.194759
