Bleu_1: 0.724772
Bleu_2: 0.570937
Bleu_3: 0.433171
Bleu_4: 0.325836
METEOR: 0.252573
ROUGE_L: 0.554867
CIDEr: 0.915965
SPICE: 0.194175
