Bleu_1: 0.728571
Bleu_2: 0.573684
Bleu_3: 0.433879
Bleu_4: 0.326538
METEOR: 0.251144
ROUGE_L: 0.556387
CIDEr: 0.912638
SPICE: 0.188266
