Bleu_1: 0.726326
Bleu_2: 0.560085
Bleu_3: 0.420735
Bleu_4: 0.310250
METEOR: 0.252206
ROUGE_L: 0.539900
CIDEr: 0.945870
SPICE: 0.183118
