Bleu_1: 0.784273
Bleu_2: 0.631792
Bleu_3: 0.489819
Bleu_4: 0.376851
METEOR: 0.287272
ROUGE_L: 0.582930
CIDEr: 1.162560
SPICE: 0.230173
