Bleu_1: 0.785293
Bleu_2: 0.628406
Bleu_3: 0.483370
Bleu_4: 0.368416
METEOR: 0.283568
ROUGE_L: 0.582614
CIDEr: 1.145567
SPICE: 0.221513
