Bleu_1: 0.791126
Bleu_2: 0.625230
Bleu_3: 0.472825
Bleu_4: 0.347928
METEOR: 0.281284
ROUGE_L: 0.572941
CIDEr: 1.174397
SPICE: 0.214497
