Bleu_1: 0.792146
Bleu_2: 0.630649
Bleu_3: 0.478982
Bleu_4: 0.353554
METEOR: 0.281553
ROUGE_L: 0.578761
CIDEr: 1.197660
SPICE: 0.213944
