Bleu_1: 0.740812
Bleu_2: 0.584227
Bleu_3: 0.445980
Bleu_4: 0.339226
METEOR: 0.261313
ROUGE_L: 0.559498
CIDEr: 0.955669
SPICE: 0.195519
