Bleu_1: 0.745653
Bleu_2: 0.591402
Bleu_3: 0.455249
Bleu_4: 0.350213
METEOR: 0.263862
ROUGE_L: 0.571410
CIDEr: 0.983999
SPICE: 0.200295
