Bleu_1: 0.735383
Bleu_2: 0.582678
Bleu_3: 0.446647
Bleu_4: 0.342486
METEOR: 0.257062
ROUGE_L: 0.560011
CIDEr: 0.958449
SPICE: 0.192133
