Bleu_1: 0.722401
Bleu_2: 0.560182
Bleu_3: 0.422035
Bleu_4: 0.312504
METEOR: 0.251653
ROUGE_L: 0.541442
CIDEr: 0.971221
SPICE: 0.184994
