Bleu_1: 0.741295
Bleu_2: 0.592088
Bleu_3: 0.455483
Bleu_4: 0.350110
METEOR: 0.262911
ROUGE_L: 0.567828
CIDEr: 0.967231
SPICE: 0.198201
