Bleu_1: 0.739087
Bleu_2: 0.591126
Bleu_3: 0.458268
Bleu_4: 0.354754
METEOR: 0.264320
ROUGE_L: 0.566244
CIDEr: 0.974894
SPICE: 0.204860
