Bleu_1: 0.726616
Bleu_2: 0.557145
Bleu_3: 0.412016
Bleu_4: 0.306376
METEOR: 0.249385
ROUGE_L: 0.541061
CIDEr: 0.896491
SPICE: 0.185347
