Bleu_1: 0.734943
Bleu_2: 0.563985
Bleu_3: 0.417658
Bleu_4: 0.310525
METEOR: 0.247496
ROUGE_L: 0.541603
CIDEr: 0.860427
SPICE: 0.184268
