Bleu_1: 0.730935
Bleu_2: 0.557550
Bleu_3: 0.416361
Bleu_4: 0.306088
METEOR: 0.252828
ROUGE_L: 0.535918
CIDEr: 0.963130
SPICE: 0.188119
