Bleu_1: 0.726567
Bleu_2: 0.557745
Bleu_3: 0.420945
Bleu_4: 0.313864
METEOR: 0.251114
ROUGE_L: 0.540275
CIDEr: 0.964266
SPICE: 0.186194
