Bleu_1: 0.727426
Bleu_2: 0.561533
Bleu_3: 0.421481
Bleu_4: 0.311097
METEOR: 0.253291
ROUGE_L: 0.542761
CIDEr: 0.943046
SPICE: 0.183492
