Bleu_1: 0.741355
Bleu_2: 0.564842
Bleu_3: 0.415475
Bleu_4: 0.306334
METEOR: 0.244007
ROUGE_L: 0.543742
CIDEr: 0.847057
SPICE: 0.176401
