Bleu_1: 0.741886
Bleu_2: 0.589241
Bleu_3: 0.454295
Bleu_4: 0.349821
METEOR: 0.264663
ROUGE_L: 0.564799
CIDEr: 0.988510
SPICE: 0.204635
