Bleu_1: 0.725312
Bleu_2: 0.566888
Bleu_3: 0.434140
Bleu_4: 0.327903
METEOR: 0.256028
ROUGE_L: 0.551842
CIDEr: 0.990555
SPICE: 0.188598
