Bleu_1: 0.743891
Bleu_2: 0.586181
Bleu_3: 0.450451
Bleu_4: 0.339853
METEOR: 0.262026
ROUGE_L: 0.559012
CIDEr: 1.020190
SPICE: 0.194041
