Bleu_1: 0.723697
Bleu_2: 0.563215
Bleu_3: 0.424872
Bleu_4: 0.314847
METEOR: 0.251785
ROUGE_L: 0.542964
CIDEr: 0.962108
SPICE: 0.183108
