Bleu_1: 0.790929
Bleu_2: 0.644105
Bleu_3: 0.505505
Bleu_4: 0.391595
METEOR: 0.288180
ROUGE_L: 0.589721
CIDEr: 1.170277
SPICE: 0.228687
