Bleu_1: 0.788774
Bleu_2: 0.638309
Bleu_3: 0.496862
Bleu_4: 0.381622
METEOR: 0.282678
ROUGE_L: 0.585926
CIDEr: 1.155004
SPICE: 0.217257
