Bleu_1: 0.714408
Bleu_2: 0.555334
Bleu_3: 0.416779
Bleu_4: 0.311363
METEOR: 0.272116
ROUGE_L: 0.550552
CIDEr: 0.913133
SPICE: 0.210417
