Bleu_1: 0.727416
Bleu_2: 0.568144
Bleu_3: 0.427836
Bleu_4: 0.320406
METEOR: 0.278686
ROUGE_L: 0.559387
CIDEr: 0.931860
SPICE: 0.224731
