Bleu_1: 0.742796
Bleu_2: 0.574738
Bleu_3: 0.430864
Bleu_4: 0.323743
METEOR: 0.251616
ROUGE_L: 0.548044
CIDEr: 0.889223
SPICE: 0.185718
