Bleu_1: 0.728870
Bleu_2: 0.568565
Bleu_3: 0.430680
Bleu_4: 0.320253
METEOR: 0.254638
ROUGE_L: 0.548865
CIDEr: 0.997805
SPICE: 0.187431
