Bleu_1: 0.729630
Bleu_2: 0.570021
Bleu_3: 0.432102
Bleu_4: 0.322787
METEOR: 0.253759
ROUGE_L: 0.546217
CIDEr: 0.985721
SPICE: 0.185815
