Bleu_1: 0.728099
Bleu_2: 0.560167
Bleu_3: 0.420192
Bleu_4: 0.310696
METEOR: 0.252222
ROUGE_L: 0.543849
CIDEr: 0.952189
SPICE: 0.181706
