Bleu_1: 0.712925
Bleu_2: 0.540691
Bleu_3: 0.394933
Bleu_4: 0.283565
METEOR: 0.260378
ROUGE_L: 0.532720
CIDEr: 0.939114
SPICE: 0.199127
