Bleu_1: 0.722824
Bleu_2: 0.557443
Bleu_3: 0.420159
Bleu_4: 0.313615
METEOR: 0.250056
ROUGE_L: 0.539291
CIDEr: 0.971993
SPICE: 0.181058
