Bleu_1: 0.712248
Bleu_2: 0.538962
Bleu_3: 0.390770
Bleu_4: 0.275756
METEOR: 0.259522
ROUGE_L: 0.529917
CIDEr: 0.897471
SPICE: 0.194728
