Bleu_1: 0.708942
Bleu_2: 0.555608
Bleu_3: 0.421650
Bleu_4: 0.311712
METEOR: 0.246560
ROUGE_L: 0.536858
CIDEr: 0.946679
SPICE: 0.174607
