Bleu_1: 0.714859
Bleu_2: 0.558428
Bleu_3: 0.421849
Bleu_4: 0.310619
METEOR: 0.246511
ROUGE_L: 0.537510
CIDEr: 0.949638
SPICE: 0.178796
