Bleu_1: 0.721550
Bleu_2: 0.564714
Bleu_3: 0.426879
Bleu_4: 0.312348
METEOR: 0.252441
ROUGE_L: 0.542314
CIDEr: 0.956267
SPICE: 0.178805
