Bleu_1: 0.717446
Bleu_2: 0.565584
Bleu_3: 0.427327
Bleu_4: 0.322640
METEOR: 0.249781
ROUGE_L: 0.551754
CIDEr: 0.903333
SPICE: 0.183294
