Bleu_1: 0.722787
Bleu_2: 0.570170
Bleu_3: 0.433927
Bleu_4: 0.329778
METEOR: 0.252359
ROUGE_L: 0.556288
CIDEr: 0.923982
SPICE: 0.193136
