Bleu_1: 0.719482
Bleu_2: 0.557438
Bleu_3: 0.414202
Bleu_4: 0.304360
METEOR: 0.266706
ROUGE_L: 0.549383
CIDEr: 0.892043
SPICE: 0.208609
