Bleu_1: 0.709088
Bleu_2: 0.548870
Bleu_3: 0.405350
Bleu_4: 0.296401
METEOR: 0.263982
ROUGE_L: 0.545652
CIDEr: 0.869156
SPICE: 0.196962
