Bleu_1: 0.726330
Bleu_2: 0.558158
Bleu_3: 0.413113
Bleu_4: 0.299287
METEOR: 0.246195
ROUGE_L: 0.535139
CIDEr: 0.908576
SPICE: 0.177454
