Bleu_1: 0.725170
Bleu_2: 0.565497
Bleu_3: 0.427328
Bleu_4: 0.317235
METEOR: 0.253752
ROUGE_L: 0.547477
CIDEr: 0.959993
SPICE: 0.183889
