Bleu_1: 0.740987
Bleu_2: 0.574728
Bleu_3: 0.429735
Bleu_4: 0.321013
METEOR: 0.255615
ROUGE_L: 0.547110
CIDEr: 0.939008
SPICE: 0.191019
