Bleu_1: 0.742499
Bleu_2: 0.571945
Bleu_3: 0.426469
Bleu_4: 0.316089
METEOR: 0.249806
ROUGE_L: 0.542429
CIDEr: 0.877404
SPICE: 0.185468
