Bleu_1: 0.738333
Bleu_2: 0.568833
Bleu_3: 0.425442
Bleu_4: 0.319776
METEOR: 0.250032
ROUGE_L: 0.543422
CIDEr: 0.878599
SPICE: 0.182913
