Bleu_1: 0.739382
Bleu_2: 0.576010
Bleu_3: 0.435116
Bleu_4: 0.330370
METEOR: 0.255936
ROUGE_L: 0.551750
CIDEr: 0.952727
SPICE: 0.189346
