Bleu_1: 0.738101
Bleu_2: 0.572161
Bleu_3: 0.425964
Bleu_4: 0.315386
METEOR: 0.253125
ROUGE_L: 0.539830
CIDEr: 0.935395
SPICE: 0.188712
