Bleu_1: 0.738669
Bleu_2: 0.573692
Bleu_3: 0.429068
Bleu_4: 0.323291
METEOR: 0.252812
ROUGE_L: 0.548698
CIDEr: 0.940066
SPICE: 0.188230
