Bleu_1: 0.736371
Bleu_2: 0.564946
Bleu_3: 0.419028
Bleu_4: 0.309873
METEOR: 0.246696
ROUGE_L: 0.535799
CIDEr: 0.863503
SPICE: 0.186182
