Bleu_1: 0.733812
Bleu_2: 0.561410
Bleu_3: 0.411662
Bleu_4: 0.302177
METEOR: 0.238607
ROUGE_L: 0.532280
CIDEr: 0.832372
SPICE: 0.178289
