Bleu_1: 0.740664
Bleu_2: 0.572709
Bleu_3: 0.421839
Bleu_4: 0.308582
METEOR: 0.245789
ROUGE_L: 0.538139
CIDEr: 0.904613
SPICE: 0.190090
