Bleu_1: 0.726667
Bleu_2: 0.563208
Bleu_3: 0.417977
Bleu_4: 0.310691
METEOR: 0.242815
ROUGE_L: 0.540392
CIDEr: 0.888825
SPICE: 0.179833
