Bleu_1: 0.721519
Bleu_2: 0.559297
Bleu_3: 0.423174
Bleu_4: 0.315662
METEOR: 0.249000
ROUGE_L: 0.537894
CIDEr: 0.974516
SPICE: 0.178721
