Bleu_1: 0.726785
Bleu_2: 0.562553
Bleu_3: 0.422051
Bleu_4: 0.310282
METEOR: 0.250260
ROUGE_L: 0.539795
CIDEr: 0.943813
SPICE: 0.178524
