Bleu_1: 0.727096
Bleu_2: 0.560911
Bleu_3: 0.420499
Bleu_4: 0.307582
METEOR: 0.250182
ROUGE_L: 0.536957
CIDEr: 0.959680
SPICE: 0.181717
