Bleu_1: 0.712336
Bleu_2: 0.544404
Bleu_3: 0.402854
Bleu_4: 0.292752
METEOR: 0.265444
ROUGE_L: 0.537888
CIDEr: 0.946839
SPICE: 0.201111
