Bleu_1: 0.708288
Bleu_2: 0.538900
Bleu_3: 0.394717
Bleu_4: 0.282631
METEOR: 0.262019
ROUGE_L: 0.535241
CIDEr: 0.925750
SPICE: 0.196531
