Bleu_1: 0.717929
Bleu_2: 0.548159
Bleu_3: 0.403482
Bleu_4: 0.294372
METEOR: 0.241070
ROUGE_L: 0.528367
CIDEr: 0.892616
SPICE: 0.170290
