Bleu_1: 0.723916
Bleu_2: 0.542078
Bleu_3: 0.389109
Bleu_4: 0.276257
METEOR: 0.228631
ROUGE_L: 0.528068
CIDEr: 0.737448
SPICE: 0.162777
