Bleu_1: 0.724704
Bleu_2: 0.546750
Bleu_3: 0.393479
Bleu_4: 0.280472
METEOR: 0.231221
ROUGE_L: 0.530745
CIDEr: 0.783861
SPICE: 0.165251
