Bleu_1: 0.702956
Bleu_2: 0.542990
Bleu_3: 0.403164
Bleu_4: 0.296724
METEOR: 0.234688
ROUGE_L: 0.517774
CIDEr: 0.825812
SPICE: 0.176659
