Bleu_1: 0.732685
Bleu_2: 0.574887
Bleu_3: 0.437676
Bleu_4: 0.332974
METEOR: 0.254074
ROUGE_L: 0.562191
CIDEr: 0.923477
SPICE: 0.188327
