Bleu_1: 0.702746
Bleu_2: 0.557934
Bleu_3: 0.428480
Bleu_4: 0.328291
METEOR: 0.253081
ROUGE_L: 0.537936
CIDEr: 0.914968
SPICE: 0.200310
