Bleu_1: 0.736688
Bleu_2: 0.582703
Bleu_3: 0.445364
Bleu_4: 0.342268
METEOR: 0.257307
ROUGE_L: 0.556253
CIDEr: 0.949464
SPICE: 0.192456
