Bleu_1: 0.719862
Bleu_2: 0.558848
Bleu_3: 0.417937
Bleu_4: 0.312342
METEOR: 0.269118
ROUGE_L: 0.552465
CIDEr: 0.908542
SPICE: 0.208397
