Bleu_1: 0.726049
Bleu_2: 0.562721
Bleu_3: 0.421039
Bleu_4: 0.314735
METEOR: 0.274041
ROUGE_L: 0.556735
CIDEr: 0.918914
SPICE: 0.218498
