Bleu_1: 0.792236
Bleu_2: 0.632374
Bleu_3: 0.484307
Bleu_4: 0.367041
METEOR: 0.273119
ROUGE_L: 0.565250
CIDEr: 1.074089
SPICE: 0.212526
