Bleu_1: 0.791690
Bleu_2: 0.630899
Bleu_3: 0.480348
Bleu_4: 0.360376
METEOR: 0.275366
ROUGE_L: 0.567530
CIDEr: 1.121706
SPICE: 0.213609
