Bleu_1: 0.727897
Bleu_2: 0.568243
Bleu_3: 0.428536
Bleu_4: 0.322126
METEOR: 0.251774
ROUGE_L: 0.557142
CIDEr: 0.895836
SPICE: 0.189806
