Bleu_1: 0.782521
Bleu_2: 0.621883
Bleu_3: 0.476594
Bleu_4: 0.355623
METEOR: 0.274801
ROUGE_L: 0.571464
CIDEr: 1.177418
SPICE: 0.213987
