Bleu_1: 0.790077
Bleu_2: 0.630728
Bleu_3: 0.484535
Bleu_4: 0.362025
METEOR: 0.278178
ROUGE_L: 0.574281
CIDEr: 1.147882
SPICE: 0.211758
