Bleu_1: 0.748736
Bleu_2: 0.594709
Bleu_3: 0.458007
Bleu_4: 0.351561
METEOR: 0.257243
ROUGE_L: 0.568844
CIDEr: 0.943936
SPICE: 0.197395
