Bleu_1: 0.787478
Bleu_2: 0.616648
Bleu_3: 0.461456
Bleu_4: 0.340959
METEOR: 0.272177
ROUGE_L: 0.556083
CIDEr: 1.058615
SPICE: 0.212685
