Bleu_1: 0.794215
Bleu_2: 0.624327
Bleu_3: 0.466540
Bleu_4: 0.342862
METEOR: 0.276922
ROUGE_L: 0.564808
CIDEr: 1.114980
SPICE: 0.215021
