Bleu_1: 0.709131
Bleu_2: 0.553736
Bleu_3: 0.419780
Bleu_4: 0.312085
METEOR: 0.244197
ROUGE_L: 0.536734
CIDEr: 0.905652
SPICE: 0.176663
