Bleu_1: 0.712314
Bleu_2: 0.554478
Bleu_3: 0.417895
Bleu_4: 0.309521
METEOR: 0.243071
ROUGE_L: 0.536630
CIDEr: 0.901530
SPICE: 0.175297
