Bleu_1: 0.726449
Bleu_2: 0.565806
Bleu_3: 0.424291
Bleu_4: 0.312247
METEOR: 0.246346
ROUGE_L: 0.540762
CIDEr: 0.909236
SPICE: 0.177251
