Bleu_1: 0.720468
Bleu_2: 0.564281
Bleu_3: 0.426533
Bleu_4: 0.312800
METEOR: 0.248734
ROUGE_L: 0.542717
CIDEr: 0.916689
SPICE: 0.180596
