Bleu_1: 0.718378
Bleu_2: 0.556528
Bleu_3: 0.415885
Bleu_4: 0.310729
METEOR: 0.268760
ROUGE_L: 0.551943
CIDEr: 0.909803
SPICE: 0.212062
