Bleu_1: 0.728764
Bleu_2: 0.569199
Bleu_3: 0.429808
Bleu_4: 0.323716
METEOR: 0.275413
ROUGE_L: 0.558705
CIDEr: 0.935218
SPICE: 0.218132
