Bleu_1: 0.736550
Bleu_2: 0.569672
Bleu_3: 0.424727
Bleu_4: 0.314844
METEOR: 0.247582
ROUGE_L: 0.543897
CIDEr: 0.864199
SPICE: 0.180914
