Bleu_1: 0.721050
Bleu_2: 0.563225
Bleu_3: 0.429002
Bleu_4: 0.318842
METEOR: 0.252201
ROUGE_L: 0.546584
CIDEr: 0.982895
SPICE: 0.184893
