Bleu_1: 0.706468
Bleu_2: 0.533617
Bleu_3: 0.386531
Bleu_4: 0.271932
METEOR: 0.262053
ROUGE_L: 0.532223
CIDEr: 0.914397
SPICE: 0.193956
