Bleu_1: 0.717344
Bleu_2: 0.554113
Bleu_3: 0.417556
Bleu_4: 0.308734
METEOR: 0.250450
ROUGE_L: 0.540771
CIDEr: 0.957461
SPICE: 0.181434
