Bleu_1: 0.714077
Bleu_2: 0.543943
Bleu_3: 0.397961
Bleu_4: 0.282433
METEOR: 0.265527
ROUGE_L: 0.537490
CIDEr: 0.941480
SPICE: 0.200529
