Bleu_1: 0.714494
Bleu_2: 0.554683
Bleu_3: 0.416245
Bleu_4: 0.303843
METEOR: 0.241621
ROUGE_L: 0.535910
CIDEr: 0.901367
SPICE: 0.170831
