Bleu_1: 0.724920
Bleu_2: 0.555960
Bleu_3: 0.411234
Bleu_4: 0.296612
METEOR: 0.244982
ROUGE_L: 0.537135
CIDEr: 0.919125
SPICE: 0.174447
