Bleu_1: 0.720544
Bleu_2: 0.557061
Bleu_3: 0.418028
Bleu_4: 0.304611
METEOR: 0.243086
ROUGE_L: 0.537434
CIDEr: 0.899113
SPICE: 0.171282
