Bleu_1: 0.721313
Bleu_2: 0.550635
Bleu_3: 0.406927
Bleu_4: 0.296734
METEOR: 0.245887
ROUGE_L: 0.537669
CIDEr: 0.924372
SPICE: 0.177876
