Bleu_1: 0.727435
Bleu_2: 0.564205
Bleu_3: 0.423487
Bleu_4: 0.310902
METEOR: 0.250429
ROUGE_L: 0.543935
CIDEr: 0.942926
SPICE: 0.180370
