Bleu_1: 0.729227
Bleu_2: 0.570501
Bleu_3: 0.431693
Bleu_4: 0.321718
METEOR: 0.255705
ROUGE_L: 0.546886
CIDEr: 0.997003
SPICE: 0.183600
