Bleu_1: 0.730279
Bleu_2: 0.567424
Bleu_3: 0.429534
Bleu_4: 0.319101
METEOR: 0.251219
ROUGE_L: 0.543926
CIDEr: 0.973612
SPICE: 0.186808
