Bleu_1: 0.731694
Bleu_2: 0.567387
Bleu_3: 0.427673
Bleu_4: 0.319294
METEOR: 0.254398
ROUGE_L: 0.547650
CIDEr: 0.961376
SPICE: 0.186393
