Bleu_1: 0.722394
Bleu_2: 0.567462
Bleu_3: 0.433672
Bleu_4: 0.324555
METEOR: 0.253086
ROUGE_L: 0.551351
CIDEr: 0.978826
SPICE: 0.185389
