Bleu_1: 0.734082
Bleu_2: 0.574618
Bleu_3: 0.435497
Bleu_4: 0.322241
METEOR: 0.255976
ROUGE_L: 0.552560
CIDEr: 0.977876
SPICE: 0.184826
