Bleu_1: 0.728300
Bleu_2: 0.569802
Bleu_3: 0.431730
Bleu_4: 0.320293
METEOR: 0.252143
ROUGE_L: 0.549793
CIDEr: 0.970612
SPICE: 0.184588
