Bleu_1: 0.709360
Bleu_2: 0.534753
Bleu_3: 0.381964
Bleu_4: 0.268339
METEOR: 0.256265
ROUGE_L: 0.522727
CIDEr: 0.844881
SPICE: 0.193503
