Bleu_1: 0.711195
Bleu_2: 0.534242
Bleu_3: 0.385031
Bleu_4: 0.271701
METEOR: 0.254547
ROUGE_L: 0.520642
CIDEr: 0.808529
SPICE: 0.194876
