Bleu_1: 0.736036
Bleu_2: 0.564544
Bleu_3: 0.420941
Bleu_4: 0.316885
METEOR: 0.253548
ROUGE_L: 0.541178
CIDEr: 0.897667
SPICE: 0.188577
