Bleu_1: 0.734402
Bleu_2: 0.567419
Bleu_3: 0.423042
Bleu_4: 0.318621
METEOR: 0.254210
ROUGE_L: 0.541415
CIDEr: 0.931325
SPICE: 0.188453
