Bleu_1: 0.744449
Bleu_2: 0.593047
Bleu_3: 0.456453
Bleu_4: 0.350258
METEOR: 0.261933
ROUGE_L: 0.568795
CIDEr: 0.981613
SPICE: 0.200623
