Bleu_1: 0.737949
Bleu_2: 0.582668
Bleu_3: 0.443891
Bleu_4: 0.337532
METEOR: 0.259090
ROUGE_L: 0.564371
CIDEr: 0.972957
SPICE: 0.192718
