Bleu_1: 0.731295
Bleu_2: 0.561935
Bleu_3: 0.413402
Bleu_4: 0.304383
METEOR: 0.245694
ROUGE_L: 0.547027
CIDEr: 0.881329
SPICE: 0.174598
