Bleu_1: 0.737865
Bleu_2: 0.565501
Bleu_3: 0.418487
Bleu_4: 0.309081
METEOR: 0.244197
ROUGE_L: 0.542833
CIDEr: 0.847332
SPICE: 0.178495
