Bleu_1: 0.725001
Bleu_2: 0.547759
Bleu_3: 0.398043
Bleu_4: 0.285297
METEOR: 0.254190
ROUGE_L: 0.527936
CIDEr: 0.823080
SPICE: 0.194234
