Bleu_1: 0.713470
Bleu_2: 0.533686
Bleu_3: 0.382627
Bleu_4: 0.269782
METEOR: 0.253133
ROUGE_L: 0.527831
CIDEr: 0.837677
SPICE: 0.193049
