Bleu_1: 0.703447
Bleu_2: 0.534378
Bleu_3: 0.389973
Bleu_4: 0.277415
METEOR: 0.259427
ROUGE_L: 0.534605
CIDEr: 0.906318
SPICE: 0.194605
