Bleu_1: 0.709777
Bleu_2: 0.540360
Bleu_3: 0.395789
Bleu_4: 0.283248
METEOR: 0.261447
ROUGE_L: 0.536066
CIDEr: 0.933171
SPICE: 0.197800
