Bleu_1: 0.717400
Bleu_2: 0.553531
Bleu_3: 0.416514
Bleu_4: 0.307562
METEOR: 0.249321
ROUGE_L: 0.538213
CIDEr: 0.956198
SPICE: 0.180971
