Bleu_1: 0.722617
Bleu_2: 0.565156
Bleu_3: 0.429185
Bleu_4: 0.318773
METEOR: 0.252389
ROUGE_L: 0.546013
CIDEr: 0.977121
SPICE: 0.187709
