Bleu_1: 0.724564
Bleu_2: 0.557207
Bleu_3: 0.412123
Bleu_4: 0.297316
METEOR: 0.246986
ROUGE_L: 0.537274
CIDEr: 0.915932
SPICE: 0.176203
