Bleu_1: 0.728312
Bleu_2: 0.566187
Bleu_3: 0.424709
Bleu_4: 0.309882
METEOR: 0.250138
ROUGE_L: 0.546671
CIDEr: 0.943117
SPICE: 0.182853
