Bleu_1: 0.688339
Bleu_2: 0.535414
Bleu_3: 0.404629
Bleu_4: 0.301317
METEOR: 0.239922
ROUGE_L: 0.516907
CIDEr: 0.918632
SPICE: 0.175708
