Bleu_1: 0.724968
Bleu_2: 0.558862
Bleu_3: 0.421929
Bleu_4: 0.314201
METEOR: 0.250742
ROUGE_L: 0.542399
CIDEr: 0.934836
SPICE: 0.179542
