Bleu_1: 0.713793
Bleu_2: 0.538672
Bleu_3: 0.389867
Bleu_4: 0.276249
METEOR: 0.259919
ROUGE_L: 0.531465
CIDEr: 0.893269
SPICE: 0.191984
