Bleu_1: 0.731167
Bleu_2: 0.566749
Bleu_3: 0.428227
Bleu_4: 0.319575
METEOR: 0.255336
ROUGE_L: 0.545020
CIDEr: 0.998467
SPICE: 0.186498
