Bleu_1: 0.709661
Bleu_2: 0.534251
Bleu_3: 0.387555
Bleu_4: 0.276082
METEOR: 0.261488
ROUGE_L: 0.530498
CIDEr: 0.932932
SPICE: 0.197837
