Bleu_1: 0.744158
Bleu_2: 0.598580
Bleu_3: 0.465965
Bleu_4: 0.363023
METEOR: 0.266140
ROUGE_L: 0.570987
CIDEr: 0.989113
SPICE: 0.204642
