Bleu_1: 0.710749
Bleu_2: 0.541106
Bleu_3: 0.400527
Bleu_4: 0.290899
METEOR: 0.247827
ROUGE_L: 0.526582
CIDEr: 0.935701
SPICE: 0.178033
