Bleu_1: 0.705238
Bleu_2: 0.526952
Bleu_3: 0.378713
Bleu_4: 0.265091
METEOR: 0.258179
ROUGE_L: 0.523726
CIDEr: 0.916337
SPICE: 0.198779
