Bleu_1: 0.718589
Bleu_2: 0.550474
Bleu_3: 0.410298
Bleu_4: 0.302617
METEOR: 0.250751
ROUGE_L: 0.533165
CIDEr: 0.926090
SPICE: 0.176949
