Bleu_1: 0.704859
Bleu_2: 0.527213
Bleu_3: 0.377795
Bleu_4: 0.263465
METEOR: 0.256513
ROUGE_L: 0.522455
CIDEr: 0.874329
SPICE: 0.191950
