Bleu_1: 0.730224
Bleu_2: 0.564282
Bleu_3: 0.422485
Bleu_4: 0.317132
METEOR: 0.251600
ROUGE_L: 0.540793
CIDEr: 0.919071
SPICE: 0.185683
