Bleu_1: 0.735691
Bleu_2: 0.567488
Bleu_3: 0.424296
Bleu_4: 0.317208
METEOR: 0.250814
ROUGE_L: 0.538960
CIDEr: 0.882869
SPICE: 0.186371
