Bleu_1: 0.743192
Bleu_2: 0.591816
Bleu_3: 0.456253
Bleu_4: 0.352099
METEOR: 0.263044
ROUGE_L: 0.568283
CIDEr: 0.978455
SPICE: 0.201563
