Bleu_1: 0.737507
Bleu_2: 0.583129
Bleu_3: 0.445734
Bleu_4: 0.342498
METEOR: 0.258297
ROUGE_L: 0.562830
CIDEr: 0.957552
SPICE: 0.191856
