Bleu_1: 0.746498
Bleu_2: 0.591586
Bleu_3: 0.451334
Bleu_4: 0.342759
METEOR: 0.261124
ROUGE_L: 0.565508
CIDEr: 0.949423
SPICE: 0.196803
