Bleu_1: 0.744033
Bleu_2: 0.580158
Bleu_3: 0.434753
Bleu_4: 0.324354
METEOR: 0.257183
ROUGE_L: 0.547532
CIDEr: 0.931483
SPICE: 0.193685
