Bleu_1: 0.744518
Bleu_2: 0.578543
Bleu_3: 0.434183
Bleu_4: 0.327028
METEOR: 0.249177
ROUGE_L: 0.544502
CIDEr: 0.881274
SPICE: 0.186979
