Bleu_1: 0.743163
Bleu_2: 0.581735
Bleu_3: 0.438561
Bleu_4: 0.331987
METEOR: 0.255493
ROUGE_L: 0.553803
CIDEr: 0.941790
SPICE: 0.191196
