Bleu_1: 0.738710
Bleu_2: 0.593675
Bleu_3: 0.461430
Bleu_4: 0.357654
METEOR: 0.263926
ROUGE_L: 0.565474
CIDEr: 0.986609
SPICE: 0.201033
