Bleu_1: 0.739970
Bleu_2: 0.587729
Bleu_3: 0.448418
Bleu_4: 0.339472
METEOR: 0.262622
ROUGE_L: 0.560733
CIDEr: 0.952737
SPICE: 0.196690
