Bleu_1: 0.732523
Bleu_2: 0.582726
Bleu_3: 0.447320
Bleu_4: 0.343648
METEOR: 0.258809
ROUGE_L: 0.560438
CIDEr: 0.957279
SPICE: 0.191483
