Bleu_1: 0.734481
Bleu_2: 0.576305
Bleu_3: 0.437976
Bleu_4: 0.327868
METEOR: 0.253829
ROUGE_L: 0.551380
CIDEr: 0.980315
SPICE: 0.187089
