Bleu_1: 0.730871
Bleu_2: 0.573722
Bleu_3: 0.436031
Bleu_4: 0.328751
METEOR: 0.254961
ROUGE_L: 0.555300
CIDEr: 0.999173
SPICE: 0.188577
