Bleu_1: 0.730757
Bleu_2: 0.568562
Bleu_3: 0.431201
Bleu_4: 0.320900
METEOR: 0.251566
ROUGE_L: 0.545168
CIDEr: 0.990217
SPICE: 0.185806
