Bleu_1: 0.728608
Bleu_2: 0.561615
Bleu_3: 0.419898
Bleu_4: 0.306120
METEOR: 0.249267
ROUGE_L: 0.537314
CIDEr: 0.960620
SPICE: 0.186016
