Bleu_1: 0.734505
Bleu_2: 0.573805
Bleu_3: 0.433659
Bleu_4: 0.321243
METEOR: 0.254840
ROUGE_L: 0.550701
CIDEr: 0.974030
SPICE: 0.185414
