Bleu_1: 0.707413
Bleu_2: 0.531525
Bleu_3: 0.385189
Bleu_4: 0.272581
METEOR: 0.257047
ROUGE_L: 0.526717
CIDEr: 0.912118
SPICE: 0.194232
