Bleu_1: 0.708288
Bleu_2: 0.531092
Bleu_3: 0.382375
Bleu_4: 0.268746
METEOR: 0.257720
ROUGE_L: 0.526445
CIDEr: 0.877321
SPICE: 0.192088
