Bleu_1: 0.726333
Bleu_2: 0.558877
Bleu_3: 0.417383
Bleu_4: 0.306813
METEOR: 0.251165
ROUGE_L: 0.537836
CIDEr: 0.965133
SPICE: 0.182796
