Bleu_1: 0.727533
Bleu_2: 0.558838
Bleu_3: 0.417020
Bleu_4: 0.306745
METEOR: 0.250551
ROUGE_L: 0.538957
CIDEr: 0.932946
SPICE: 0.180020
