Bleu_1: 0.735253
Bleu_2: 0.569712
Bleu_3: 0.429948
Bleu_4: 0.319344
METEOR: 0.258846
ROUGE_L: 0.551164
CIDEr: 0.984321
SPICE: 0.193506
