Bleu_1: 0.728425
Bleu_2: 0.564791
Bleu_3: 0.426929
Bleu_4: 0.317410
METEOR: 0.252078
ROUGE_L: 0.542997
CIDEr: 0.965452
SPICE: 0.185541
