Bleu_1: 0.724410
Bleu_2: 0.564071
Bleu_3: 0.430586
Bleu_4: 0.324776
METEOR: 0.255181
ROUGE_L: 0.547782
CIDEr: 0.985873
SPICE: 0.190193
