Bleu_1: 0.737048
Bleu_2: 0.570018
Bleu_3: 0.426237
Bleu_4: 0.320203
METEOR: 0.248121
ROUGE_L: 0.541185
CIDEr: 0.871716
SPICE: 0.188218
