Bleu_1: 0.624674
Bleu_2: 0.486747
Bleu_3: 0.367374
Bleu_4: 0.273177
METEOR: 0.221883
ROUGE_L: 0.468305
CIDEr: 0.843509
SPICE: 0.160358
