Bleu_1: 0.732920
Bleu_2: 0.552125
Bleu_3: 0.400303
Bleu_4: 0.288045
METEOR: 0.233730
ROUGE_L: 0.535085
CIDEr: 0.765065
SPICE: 0.174486
