Bleu_1: 0.701023
Bleu_2: 0.527654
Bleu_3: 0.380492
Bleu_4: 0.266667
METEOR: 0.261489
ROUGE_L: 0.525325
CIDEr: 0.909714
SPICE: 0.194596
