Bleu_1: 0.710292
Bleu_2: 0.534755
Bleu_3: 0.386528
Bleu_4: 0.272793
METEOR: 0.261999
ROUGE_L: 0.529850
CIDEr: 0.896638
SPICE: 0.193373
