Bleu_1: 0.740807
Bleu_2: 0.573048
Bleu_3: 0.429896
Bleu_4: 0.325123
METEOR: 0.250374
ROUGE_L: 0.543391
CIDEr: 0.875294
SPICE: 0.186972
