Bleu_1: 0.716776
Bleu_2: 0.553926
Bleu_3: 0.416858
Bleu_4: 0.307475
METEOR: 0.246496
ROUGE_L: 0.532066
CIDEr: 0.907993
SPICE: 0.174115
