Bleu_1: 0.714993
Bleu_2: 0.549426
Bleu_3: 0.412578
Bleu_4: 0.303825
METEOR: 0.245355
ROUGE_L: 0.528545
CIDEr: 0.925958
SPICE: 0.178651
