Bleu_1: 0.742689
Bleu_2: 0.590727
Bleu_3: 0.456409
Bleu_4: 0.352116
METEOR: 0.264061
ROUGE_L: 0.565596
CIDEr: 0.987465
SPICE: 0.203026
