Bleu_1: 0.790388
Bleu_2: 0.622384
Bleu_3: 0.471673
Bleu_4: 0.348563
METEOR: 0.278721
ROUGE_L: 0.567585
CIDEr: 1.155383
SPICE: 0.209200
