Bleu_1: 0.786004
Bleu_2: 0.614461
Bleu_3: 0.461427
Bleu_4: 0.337131
METEOR: 0.276617
ROUGE_L: 0.562717
CIDEr: 1.171359
SPICE: 0.213617
