Bleu_1: 0.704456
Bleu_2: 0.545368
Bleu_3: 0.406246
Bleu_4: 0.294214
METEOR: 0.236636
ROUGE_L: 0.531406
CIDEr: 0.873076
SPICE: 0.170140
