Bleu_1: 0.704343
Bleu_2: 0.541685
Bleu_3: 0.402199
Bleu_4: 0.290436
METEOR: 0.235739
ROUGE_L: 0.526159
CIDEr: 0.864033
SPICE: 0.168737
