Bleu_1: 0.739337
Bleu_2: 0.574514
Bleu_3: 0.431296
Bleu_4: 0.317445
METEOR: 0.252359
ROUGE_L: 0.545918
CIDEr: 0.945357
SPICE: 0.181230
