Bleu_1: 0.731296
Bleu_2: 0.567726
Bleu_3: 0.426844
Bleu_4: 0.315938
METEOR: 0.250406
ROUGE_L: 0.542765
CIDEr: 0.952713
SPICE: 0.179730
