Bleu_1: 0.730383
Bleu_2: 0.565510
Bleu_3: 0.425168
Bleu_4: 0.314807
METEOR: 0.250869
ROUGE_L: 0.542068
CIDEr: 0.966264
SPICE: 0.182348
