Bleu_1: 0.727127
Bleu_2: 0.564862
Bleu_3: 0.426298
Bleu_4: 0.317340
METEOR: 0.251217
ROUGE_L: 0.541575
CIDEr: 0.963546
SPICE: 0.182293
