Bleu_1: 0.714051
Bleu_2: 0.543902
Bleu_3: 0.397215
Bleu_4: 0.284248
METEOR: 0.259861
ROUGE_L: 0.537698
CIDEr: 0.911765
SPICE: 0.190386
