Bleu_1: 0.730206
Bleu_2: 0.574098
Bleu_3: 0.435331
Bleu_4: 0.321806
METEOR: 0.256363
ROUGE_L: 0.554052
CIDEr: 0.996333
SPICE: 0.186352
