Bleu_1: 0.714094
Bleu_2: 0.543407
Bleu_3: 0.393192
Bleu_4: 0.277417
METEOR: 0.260095
ROUGE_L: 0.536567
CIDEr: 0.928411
SPICE: 0.193097
