Bleu_1: 0.723649
Bleu_2: 0.546069
Bleu_3: 0.391037
Bleu_4: 0.278172
METEOR: 0.258126
ROUGE_L: 0.530320
CIDEr: 0.873380
SPICE: 0.193244
