Bleu_1: 0.725862
Bleu_2: 0.549929
Bleu_3: 0.398154
Bleu_4: 0.283500
METEOR: 0.255290
ROUGE_L: 0.527391
CIDEr: 0.834125
SPICE: 0.193640
