Bleu_1: 0.725392
Bleu_2: 0.555319
Bleu_3: 0.405768
Bleu_4: 0.289539
METEOR: 0.242254
ROUGE_L: 0.538978
CIDEr: 0.891359
SPICE: 0.170435
