Bleu_1: 0.721004
Bleu_2: 0.554337
Bleu_3: 0.409138
Bleu_4: 0.293187
METEOR: 0.240822
ROUGE_L: 0.534102
CIDEr: 0.890465
SPICE: 0.172084
