Bleu_1: 0.723924
Bleu_2: 0.546790
Bleu_3: 0.395290
Bleu_4: 0.284237
METEOR: 0.232888
ROUGE_L: 0.535376
CIDEr: 0.787680
SPICE: 0.168618
