Bleu_1: 0.741784
Bleu_2: 0.593365
Bleu_3: 0.460058
Bleu_4: 0.357194
METEOR: 0.264493
ROUGE_L: 0.563903
CIDEr: 0.984069
SPICE: 0.203144
